z	zmaf	zfir
-0.948187	-0.189625	-0.081687
-0.948187	-0.189625	-0.081687
-0.962063	-0.382000	-0.164625
-0.962063	-0.382000	-0.164625
-0.962063	-0.382000	-0.164625
-0.970063	-0.576063	-0.248250
-0.970063	-0.576063	-0.248250
-0.970063	-0.576063	-0.248250
-0.964187	-0.768875	-0.331375
-0.964187	-0.768875	-0.331375
-0.964187	-0.768875	-0.331375
-0.961000	-0.961063	-0.414250
-0.961000	-0.961063	-0.414250
-0.961000	-0.961063	-0.414250
-0.931813	-0.957812	-0.494563
-0.931813	-0.957812	-0.494563
-0.931813	-0.957812	-0.494563
-1.001875	-0.965750	-0.580937
-1.001875	-0.965750	-0.580937
-1.001875	-0.965750	-0.580937
-0.942375	-0.960250	-0.662188
-0.942375	-0.960250	-0.662188
-0.942375	-0.960250	-0.662188
-1.049688	-0.977313	-0.752687
-1.049688	-0.977313	-0.752687
-1.049688	-0.977313	-0.752687
-0.939500	-0.973000	-0.833625
-0.939500	-0.973000	-0.833625
-0.939500	-0.973000	-0.833625
-1.022875	-0.991250	-0.905500
-1.022875	-0.991250	-0.905500
-1.022875	-0.991250	-0.905500
-0.873625	-0.965562	-0.964187
-0.873625	-0.965562	-0.964187
-0.873625	-0.965562	-0.964187
-0.942250	-0.965562	-0.963313
-0.942250	-0.965562	-0.963313
-0.942250	-0.965562	-0.963313
-0.916312	-0.938875	-0.959313
-0.916312	-0.938875	-0.959313
-0.916312	-0.938875	-0.959313
-1.218000	-0.994563	-0.980875
-1.218000	-0.994563	-0.980875
-1.218000	-0.994563	-0.980875
-0.944250	-0.978875	-0.979688
-0.944250	-0.978875	-0.979688
-0.944250	-0.978875	-0.979688
-0.615812	-0.927312	-0.949250
-0.615812	-0.927312	-0.949250
-0.615812	-0.927312	-0.949250
-0.915562	-0.921937	-0.947688
-0.915562	-0.921937	-0.947688
-0.915562	-0.921937	-0.947688
-1.057937	-0.950313	-0.951688
-1.057937	-0.950313	-0.951688
-1.057937	-0.950313	-0.951688
-0.883188	-0.883312	-0.946625
-0.883188	-0.883312	-0.946625
-0.883188	-0.883312	-0.946625
-0.966000	-0.887687	-0.939875
-0.966000	-0.887687	-0.939875
-0.966000	-0.887687	-0.939875
-0.878500	-0.940187	-0.935750
-0.878500	-0.940187	-0.935750
-0.878500	-0.940187	-0.935750
-1.069313	-0.970938	-0.941125
-1.069313	-0.970938	-0.941125
-1.069313	-0.970938	-0.941125
-0.990688	-0.957500	-0.950500
-0.990688	-0.957500	-0.950500
-0.990688	-0.957500	-0.950500
-0.975812	-0.976063	-0.948625
-0.975812	-0.976063	-0.948625
-0.975812	-0.976063	-0.948625
-1.059000	-0.994625	-0.960438
-1.059000	-0.994625	-0.960438
-1.059000	-0.994625	-0.960438
-0.833812	-0.985688	-0.937688
-0.833812	-0.985688	-0.937688
-0.833812	-0.985688	-0.937688
-0.995375	-0.970938	-0.942625
-0.995375	-0.970938	-0.942625
-0.995375	-0.970938	-0.942625
-0.680813	-0.908937	-0.940625
-0.680813	-0.908937	-0.940625
-0.680813	-0.908937	-0.940625
-0.688375	-0.851437	-0.921562
-0.688375	-0.851437	-0.921562
-0.688375	-0.851437	-0.921562
-0.632812	-0.766188	-0.886500
-0.632812	-0.766188	-0.886500
-0.632812	-0.766188	-0.886500
-0.594063	-0.718250	-0.861688
-0.594063	-0.718250	-0.861688
-0.594063	-0.718250	-0.861688
-0.572313	-0.633625	-0.825937
-0.572313	-0.633625	-0.825937
-0.572313	-0.633625	-0.825937
-0.485312	-0.594562	-0.790125
-0.485312	-0.594562	-0.790125
-0.485312	-0.594562	-0.790125
-0.536563	-0.564187	-0.745812
-0.536563	-0.564187	-0.745812
-0.536563	-0.564187	-0.745812
-0.591063	-0.555813	-0.710187
-0.591063	-0.555813	-0.710187
-0.591063	-0.555813	-0.710187
-0.661125	-0.569250	-0.685500
-0.661125	-0.569250	-0.685500
-0.661125	-0.569250	-0.685500
-0.956000	-0.646000	-0.677687
-0.956000	-0.646000	-0.677687
-0.956000	-0.646000	-0.677687
-0.990625	-0.747062	-0.693875
-0.990625	-0.747062	-0.693875
-0.990625	-0.747062	-0.693875
-0.871750	-0.814063	-0.688500
-0.871750	-0.814063	-0.688500
-0.871750	-0.814063	-0.688500
-0.978563	-0.891563	-0.715000
-0.978563	-0.891563	-0.715000
-0.978563	-0.891563	-0.715000
-0.981500	-0.955688	-0.741875
-0.981500	-0.955688	-0.741875
-0.981500	-0.955688	-0.741875
-1.010375	-0.966562	-0.775500
-1.010375	-0.966562	-0.775500
-1.010375	-0.966562	-0.775500
-1.275250	-1.023438	-0.836063
-1.275250	-1.023438	-0.836063
-1.275250	-1.023438	-0.836063
-0.955063	-1.040125	-0.869687
-0.955063	-1.040125	-0.869687
-0.955063	-1.040125	-0.869687
-1.229625	-1.090313	-0.932063
-1.229625	-1.090313	-0.932063
-1.229625	-1.090313	-0.932063
-1.129312	-1.119875	-0.981000
-1.129312	-1.119875	-0.981000
-1.129312	-1.119875	-0.981000
-1.131500	-1.144125	-1.021313
-1.131500	-1.144125	-1.021313
-1.131500	-1.144125	-1.021313
-1.199000	-1.128875	-1.062000
-1.199000	-1.128875	-1.062000
-1.199000	-1.128875	-1.062000
-1.200187	-1.177875	-1.084500
-1.200187	-1.177875	-1.084500
-1.200187	-1.177875	-1.084500
-1.451375	-1.222250	-1.124375
-1.451375	-1.222250	-1.124375
-1.451375	-1.222250	-1.124375
-1.283000	-1.253000	-1.157938
-1.283000	-1.253000	-1.157938
-1.283000	-1.253000	-1.157938
-1.282000	-1.283062	-1.183563
-1.282000	-1.283062	-1.183563
-1.282000	-1.283062	-1.183563
-1.073937	-1.258063	-1.186500
-1.073937	-1.258063	-1.186500
-1.073937	-1.258063	-1.186500
-1.047750	-1.227562	-1.190625
-1.047750	-1.227562	-1.190625
-1.047750	-1.227562	-1.190625
-1.020500	-1.141438	-1.169500
-1.020500	-1.141438	-1.169500
-1.020500	-1.141438	-1.169500
-0.764312	-1.037688	-1.150000
-0.764312	-1.037688	-1.150000
-0.764312	-1.037688	-1.150000
-0.964063	-0.974063	-1.128812
-0.964063	-0.974063	-1.128812
-0.964063	-0.974063	-1.128812
-0.772750	-0.913875	-1.096875
-0.772750	-0.913875	-1.096875
-0.772750	-0.913875	-1.096875
-0.827750	-0.869875	-1.069500
-0.827750	-0.869875	-1.069500
-0.827750	-0.869875	-1.069500
-0.973812	-0.860500	-1.045750
-0.973812	-0.860500	-1.045750
-0.973812	-0.860500	-1.045750
-0.806312	-0.868938	-1.010375
-0.806312	-0.868938	-1.010375
-0.806312	-0.868938	-1.010375
-0.917937	-0.859688	-0.967313
-0.917937	-0.859688	-0.967313
-0.917937	-0.859688	-0.967313
-0.903312	-0.885813	-0.938187
-0.903312	-0.885813	-0.938187
-0.903312	-0.885813	-0.938187
-0.781813	-0.876625	-0.899125
-0.781813	-0.876625	-0.899125
-0.781813	-0.876625	-0.899125
-0.909750	-0.863812	-0.885875
-0.909750	-0.863812	-0.885875
-0.909750	-0.863812	-0.885875
-0.687187	-0.840000	-0.859688
-0.687187	-0.840000	-0.859688
-0.687187	-0.840000	-0.859688
-0.647250	-0.785813	-0.828438
-0.647250	-0.785813	-0.828438
-0.647250	-0.785813	-0.828438
-0.605375	-0.726250	-0.814625
-0.605375	-0.726250	-0.814625
-0.605375	-0.726250	-0.814625
-0.564000	-0.682688	-0.782500
-0.564000	-0.682688	-0.782500
-0.564000	-0.682688	-0.782500
-0.657250	-0.632188	-0.769062
-0.657250	-0.632188	-0.769062
-0.657250	-0.632188	-0.769062
-0.830250	-0.660813	-0.769625
-0.830250	-0.660813	-0.769625
-0.830250	-0.660813	-0.769625
-0.582812	-0.647938	-0.736875
-0.582812	-0.647938	-0.736875
-0.582812	-0.647938	-0.736875
-1.048938	-0.736625	-0.756125
-1.048938	-0.736625	-0.756125
-1.048938	-0.736625	-0.756125
-0.888000	-0.801438	-0.755938
-0.888000	-0.801438	-0.755938
-0.888000	-0.801438	-0.755938
-0.834313	-0.836812	-0.749875
-0.834313	-0.836812	-0.749875
-0.834313	-0.836812	-0.749875
-1.111438	-0.893062	-0.779875
-1.111438	-0.893062	-0.779875
-1.111438	-0.893062	-0.779875
-0.800438	-0.936625	-0.775000
-0.800438	-0.936625	-0.775000
-0.800438	-0.936625	-0.775000
-0.909250	-0.908687	-0.795562
-0.909250	-0.908687	-0.795562
-0.909250	-0.908687	-0.795562
-1.134000	-0.957875	-0.838938
-1.134000	-0.957875	-0.838938
-1.134000	-0.957875	-0.838938
-0.924250	-0.975875	-0.865563
-0.924250	-0.975875	-0.865563
-0.924250	-0.975875	-0.865563
-1.297625	-1.013062	-0.924188
-1.297625	-1.013062	-0.924188
-1.297625	-1.013062	-0.924188
-1.168187	-1.086625	-0.969500
-1.168187	-1.086625	-0.969500
-1.168187	-1.086625	-0.969500
-1.224562	-1.149687	-0.999750
-1.224562	-1.149687	-0.999750
-1.224562	-1.149687	-0.999750
-1.424187	-1.207750	-1.067000
-1.424187	-1.207750	-1.067000
-1.424187	-1.207750	-1.067000
-1.269313	-1.276750	-1.089750
-1.269313	-1.276750	-1.089750
-1.269313	-1.276750	-1.089750
-1.224625	-1.262125	-1.114875
-1.224625	-1.262125	-1.114875
-1.224625	-1.262125	-1.114875
-1.227313	-1.274000	-1.149375
-1.227313	-1.274000	-1.149375
-1.227313	-1.274000	-1.149375
-1.287313	-1.286500	-1.168000
-1.287313	-1.286500	-1.168000
-1.287313	-1.286500	-1.168000
-1.093562	-1.220375	-1.187500
-1.093562	-1.220375	-1.187500
-1.093562	-1.220375	-1.187500
-0.996313	-1.165812	-1.194750
-0.996313	-1.165812	-1.194750
-0.996313	-1.165812	-1.194750
-1.040062	-1.128875	-1.183812
-1.040062	-1.128875	-1.183812
-1.040062	-1.128875	-1.183812
-0.811750	-1.045750	-1.169938
-0.811750	-1.045750	-1.169938
-0.811750	-1.045750	-1.169938
-0.767687	-0.941875	-1.125500
-0.767687	-0.941875	-1.125500
-0.767687	-0.941875	-1.125500
-0.736688	-0.870500	-1.083875
-0.736688	-0.870500	-1.083875
-0.736688	-0.870500	-1.083875
-0.741062	-0.819438	-1.041438
-0.741062	-0.819438	-1.041438
-0.741062	-0.819438	-1.041438
-0.718000	-0.755000	-0.984000
-0.718000	-0.755000	-0.984000
-0.718000	-0.755000	-0.984000
-0.816438	-0.755938	-0.945688
-0.816438	-0.755938	-0.945688
-0.816438	-0.755938	-0.945688
-0.741062	-0.750625	-0.902937
-0.741062	-0.750625	-0.902937
-0.741062	-0.750625	-0.902937
-0.602187	-0.723750	-0.851375
-0.602187	-0.723750	-0.851375
-0.602187	-0.723750	-0.851375
-0.540250	-0.683562	-0.791937
-0.540250	-0.683562	-0.791937
-0.540250	-0.683562	-0.791937
-0.449500	-0.629875	-0.737375
-0.449500	-0.629875	-0.737375
-0.449500	-0.629875	-0.737375
-0.856000	-0.637750	-0.728437
-0.856000	-0.637750	-0.728437
-0.856000	-0.637750	-0.728437
-0.825063	-0.654563	-0.714625
-0.825063	-0.654563	-0.714625
-0.825063	-0.654563	-0.714625
-0.563750	-0.646875	-0.694500
-0.563750	-0.646875	-0.694500
-0.563750	-0.646875	-0.694500
-0.900875	-0.719000	-0.706438
-0.900875	-0.719000	-0.706438
-0.900875	-0.719000	-0.706438
-1.086000	-0.846313	-0.736875
-1.086000	-0.846313	-0.736875
-1.086000	-0.846313	-0.736875
-0.614563	-0.798000	-0.724688
-0.614563	-0.798000	-0.724688
-0.614563	-0.798000	-0.724688
-1.009562	-0.834937	-0.749437
-1.009562	-0.834937	-0.749437
-1.009562	-0.834937	-0.749437
-1.116437	-0.945438	-0.779000
-1.116437	-0.945438	-0.779000
-1.116437	-0.945438	-0.779000
-1.053000	-0.975875	-0.809312
-1.053000	-0.975875	-0.809312
-1.053000	-0.975875	-0.809312
-1.393938	-1.037500	-0.880250
-1.393938	-1.037500	-0.880250
-1.393938	-1.037500	-0.880250
-1.120812	-1.138750	-0.924813
-1.120812	-1.138750	-0.924813
-1.120812	-1.138750	-0.924813
-1.092563	-1.155312	-0.973812
-1.092563	-1.155312	-0.973812
-1.092563	-1.155312	-0.973812
-1.210500	-1.174125	-1.009375
-1.210500	-1.174125	-1.009375
-1.210500	-1.174125	-1.009375
-1.221937	-1.207938	-1.042312
-1.221937	-1.207938	-1.042312
-1.221937	-1.207938	-1.042312
-1.200562	-1.169250	-1.088188
-1.200562	-1.169250	-1.088188
-1.200562	-1.169250	-1.088188
-1.161312	-1.177375	-1.115563
-1.161312	-1.177375	-1.115563
-1.161312	-1.177375	-1.115563
-1.223750	-1.203563	-1.128750
-1.223750	-1.203563	-1.128750
-1.223750	-1.203563	-1.128750
-1.070563	-1.175625	-1.159437
-1.070563	-1.175625	-1.159437
-1.070563	-1.175625	-1.159437
-1.111250	-1.153437	-1.167437
-1.111250	-1.153437	-1.167437
-1.111250	-1.153437	-1.167437
-1.018063	-1.116937	-1.154187
-1.018063	-1.116937	-1.154187
-1.018063	-1.116937	-1.154187
-1.038375	-1.092375	-1.151750
-1.038375	-1.092375	-1.151750
-1.038375	-1.092375	-1.151750
-1.036437	-1.054938	-1.126125
-1.036437	-1.054938	-1.126125
-1.036437	-1.054938	-1.126125
-0.981187	-1.037062	-1.112562
-0.981187	-1.037062	-1.112562
-0.981187	-1.037062	-1.112562
-0.855313	-0.985875	-1.089875
-0.855313	-0.985875	-1.089875
-0.855313	-0.985875	-1.089875
-0.870750	-0.956375	-1.060750
-0.870750	-0.956375	-1.060750
-0.870750	-0.956375	-1.060750
-0.699438	-0.888625	-1.016750
-0.699438	-0.888625	-1.016750
-0.699438	-0.888625	-1.016750
-0.717250	-0.824750	-0.974688
-0.717250	-0.824750	-0.974688
-0.717250	-0.824750	-0.974688
-0.701375	-0.768813	-0.936625
-0.701375	-0.768813	-0.936625
-0.701375	-0.768813	-0.936625
-0.578313	-0.713375	-0.882875
-0.578313	-0.713375	-0.882875
-0.578313	-0.713375	-0.882875
-0.399625	-0.619188	-0.825937
-0.399625	-0.619188	-0.825937
-0.399625	-0.619188	-0.825937
-0.491687	-0.577625	-0.773813
-0.491687	-0.577625	-0.773813
-0.491687	-0.577625	-0.773813
-0.454437	-0.525062	-0.724875
-0.454437	-0.525062	-0.724875
-0.454437	-0.525062	-0.724875
-0.745812	-0.533937	-0.700688
-0.745812	-0.533937	-0.700688
-0.745812	-0.533937	-0.700688
-0.913375	-0.600938	-0.693187
-0.913375	-0.600938	-0.693187
-0.913375	-0.600938	-0.693187
-0.717688	-0.664562	-0.672375
-0.717688	-0.664562	-0.672375
-0.717688	-0.664562	-0.672375
-1.211000	-0.808438	-0.705750
-1.211000	-0.808438	-0.705750
-1.211000	-0.808438	-0.705750
-0.831500	-0.883875	-0.705000
-0.831500	-0.883875	-0.705000
-0.831500	-0.883875	-0.705000
-1.247562	-0.984187	-0.752188
-1.247562	-0.984187	-0.752188
-1.247562	-0.984187	-0.752188
-1.087375	-1.019000	-0.786500
-1.087375	-1.019000	-0.786500
-1.087375	-1.019000	-0.786500
-0.747500	-1.024938	-0.795687
-0.747500	-1.024938	-0.795687
-0.747500	-1.024938	-0.795687
-1.156625	-1.014063	-0.847063
-1.156625	-1.014063	-0.847063
-1.156625	-1.014063	-0.847063
-0.850250	-1.017813	-0.884938
-0.850250	-1.017813	-0.884938
-0.850250	-1.017813	-0.884938
-0.935375	-0.955375	-0.918813
-0.935375	-0.955375	-0.918813
-0.935375	-0.955375	-0.918813
-1.117813	-0.961500	-0.968063
-1.117813	-0.961500	-0.968063
-1.117813	-0.961500	-0.968063
-1.040437	-1.020063	-0.993938
-1.040437	-1.020063	-0.993938
-1.040437	-1.020063	-0.993938
-1.211188	-1.031000	-1.014500
-1.211188	-1.031000	-1.014500
-1.211188	-1.031000	-1.014500
-1.270812	-1.115125	-1.060250
-1.270812	-1.115125	-1.060250
-1.270812	-1.115125	-1.060250
-1.210063	-1.170063	-1.059500
-1.210063	-1.170063	-1.059500
-1.210063	-1.170063	-1.059500
-1.277187	-1.201938	-1.093500
-1.277187	-1.201938	-1.093500
-1.277187	-1.201938	-1.093500
-1.171875	-1.228187	-1.095625
-1.171875	-1.228187	-1.095625
-1.171875	-1.228187	-1.095625
-1.191250	-1.224187	-1.103375
-1.191250	-1.224187	-1.103375
-1.191250	-1.224187	-1.103375
-1.138000	-1.197625	-1.135250
-1.138000	-1.197625	-1.135250
-1.138000	-1.197625	-1.135250
-1.019937	-1.159625	-1.127312
-1.019937	-1.159625	-1.127312
-1.019937	-1.159625	-1.127312
-0.928813	-1.089938	-1.129438
-0.928813	-1.089938	-1.129438
-0.928813	-1.089938	-1.129438
-1.013062	-1.058188	-1.134375
-1.013062	-1.058188	-1.134375
-1.013062	-1.058188	-1.134375
-0.844375	-0.988812	-1.109187
-0.844375	-0.988812	-1.109187
-0.844375	-0.988812	-1.109187
-0.866938	-0.934625	-1.090250
-0.866938	-0.934625	-1.090250
-0.866938	-0.934625	-1.090250
-0.812750	-0.893188	-1.055937
-0.812750	-0.893188	-1.055937
-0.812750	-0.893188	-1.055937
-0.658312	-0.839063	-1.003000
-0.658312	-0.839063	-1.003000
-0.658312	-0.839063	-1.003000
-0.694438	-0.775312	-0.959187
-0.694438	-0.775312	-0.959187
-0.694438	-0.775312	-0.959187
-0.637563	-0.734000	-0.905563
-0.637563	-0.734000	-0.905563
-0.637563	-0.734000	-0.905563
-0.614500	-0.683500	-0.858062
-0.614500	-0.683500	-0.858062
-0.614500	-0.683500	-0.858062
-0.652188	-0.651375	-0.814562
-0.652188	-0.651375	-0.814562
-0.652188	-0.651375	-0.814562
-0.608688	-0.641437	-0.772563
-0.608688	-0.641437	-0.772563
-0.608688	-0.641437	-0.772563
-0.787875	-0.660125	-0.752625
-0.787875	-0.660125	-0.752625
-0.787875	-0.660125	-0.752625
-0.909125	-0.714437	-0.752437
-0.909125	-0.714437	-0.752437
-0.909125	-0.714437	-0.752437
-0.599562	-0.711437	-0.719313
-0.599562	-0.711437	-0.719313
-0.599562	-0.711437	-0.719313
-1.131188	-0.807250	-0.744563
-1.131188	-0.807250	-0.744563
-1.131188	-0.807250	-0.744563
-0.898563	-0.865250	-0.750875
-0.898563	-0.865250	-0.750875
-0.898563	-0.865250	-0.750875
-0.985563	-0.904750	-0.767813
-0.985563	-0.904750	-0.767813
-0.985563	-0.904750	-0.767813
-1.232813	-0.969500	-0.817688
-1.232813	-0.969500	-0.817688
-1.232813	-0.969500	-0.817688
-0.879062	-1.025438	-0.835000
-0.879062	-1.025438	-0.835000
-0.879062	-1.025438	-0.835000
-1.040812	-1.007313	-0.869500
-1.040812	-1.007313	-0.869500
-1.040812	-1.007313	-0.869500
-1.045250	-1.036687	-0.906750
-1.045250	-1.036687	-0.906750
-1.045250	-1.036687	-0.906750
-1.021937	-1.043937	-0.936250
-1.021937	-1.043937	-0.936250
-1.021937	-1.043937	-0.936250
-1.038312	-1.005062	-0.968125
-1.038312	-1.005062	-0.968125
-1.038312	-1.005062	-0.968125
-0.996812	-1.028625	-0.989375
-0.996812	-1.028625	-0.989375
-0.996812	-1.028625	-0.989375
-1.099375	-1.040312	-1.001937
-1.099375	-1.040312	-1.001937
-1.099375	-1.040312	-1.001937
-1.033937	-1.038063	-1.034250
-1.033937	-1.038063	-1.034250
-1.033937	-1.038063	-1.034250
-1.109875	-1.055625	-1.034938
-1.109875	-1.055625	-1.034938
-1.109875	-1.055625	-1.034938
-1.120750	-1.072125	-1.048312
-1.120750	-1.072125	-1.048312
-1.120750	-1.072125	-1.048312
-1.155063	-1.103750	-1.064750
-1.155063	-1.103750	-1.064750
-1.155063	-1.103750	-1.064750
-1.214687	-1.126812	-1.066500
-1.214687	-1.126812	-1.066500
-1.214687	-1.126812	-1.066500
-1.139875	-1.148000	-1.086125
-1.139875	-1.148000	-1.086125
-1.139875	-1.148000	-1.086125
-1.120313	-1.150125	-1.093312
-1.120313	-1.150125	-1.093312
-1.120313	-1.150125	-1.093312
-1.099375	-1.145812	-1.098125
-1.099375	-1.145812	-1.098125
-1.099375	-1.145812	-1.098125
-1.099500	-1.134750	-1.105187
-1.099500	-1.134750	-1.105187
-1.099500	-1.134750	-1.105187
-1.005625	-1.092937	-1.101375
-1.005625	-1.092937	-1.101375
-1.005625	-1.092937	-1.101375
-1.011000	-1.067125	-1.101938
-1.011000	-1.067125	-1.101938
-1.011000	-1.067125	-1.101938
-0.985250	-1.040125	-1.091938
-0.985250	-1.040125	-1.091938
-0.985250	-1.040125	-1.091938
-0.930562	-1.006375	-1.081500
-0.930562	-1.006375	-1.081500
-0.930562	-1.006375	-1.081500
-0.818937	-0.950250	-1.055625
-0.818937	-0.950250	-1.055625
-0.818937	-0.950250	-1.055625
-0.836187	-0.916375	-1.029500
-0.836187	-0.916375	-1.029500
-0.836187	-0.916375	-1.029500
-0.654500	-0.845063	-0.986625
-0.654500	-0.845063	-0.986625
-0.654500	-0.845063	-0.986625
-0.759625	-0.799937	-0.949000
-0.759625	-0.799937	-0.949000
-0.759625	-0.799937	-0.949000
-0.531062	-0.720063	-0.897188
-0.531062	-0.720063	-0.897188
-0.531062	-0.720063	-0.897188
-0.547312	-0.665687	-0.848187
-0.547312	-0.665687	-0.848187
-0.547312	-0.665687	-0.848187
-0.557688	-0.610000	-0.803063
-0.557688	-0.610000	-0.803063
-0.557688	-0.610000	-0.803063
-0.551500	-0.589437	-0.757375
-0.551500	-0.589437	-0.757375
-0.551500	-0.589437	-0.757375
-0.783250	-0.594125	-0.738563
-0.783250	-0.594125	-0.738563
-0.783250	-0.594125	-0.738563
-0.644188	-0.616750	-0.708313
-0.644188	-0.616750	-0.708313
-0.644188	-0.616750	-0.708313
-0.687688	-0.644813	-0.685562
-0.687688	-0.644813	-0.685562
-0.687688	-0.644813	-0.685562
-1.085875	-0.750500	-0.700562
-1.085875	-0.750500	-0.700562
-1.085875	-0.750500	-0.700562
-0.831875	-0.806562	-0.704500
-0.831875	-0.806562	-0.704500
-0.831875	-0.806562	-0.704500
-1.159188	-0.881750	-0.733688
-1.159188	-0.881750	-0.733688
-1.159188	-0.881750	-0.733688
-1.058188	-0.964562	-0.770625
-1.058188	-0.964562	-0.770625
-1.058188	-0.964562	-0.770625
-1.150313	-1.057063	-0.807937
-1.150313	-1.057063	-0.807937
-1.150313	-1.057063	-0.807937
-1.100750	-1.060062	-0.856563
-1.100750	-1.060062	-0.856563
-1.100750	-1.060062	-0.856563
-1.169812	-1.127625	-0.910188
-1.169812	-1.127625	-0.910188
-1.169812	-1.127625	-0.910188
-1.032500	-1.102313	-0.947250
-1.032500	-1.102313	-0.947250
-1.032500	-1.102313	-0.947250
-1.094000	-1.109438	-0.992375
-1.094000	-1.109438	-0.992375
-1.094000	-1.109438	-0.992375
-1.114562	-1.102313	-1.022625
-1.114562	-1.102313	-1.022625
-1.114562	-1.102313	-1.022625
-1.207563	-1.123687	-1.063562
-1.207563	-1.123687	-1.063562
-1.207563	-1.123687	-1.063562
-1.296750	-1.149063	-1.113563
-1.296750	-1.149063	-1.113563
-1.296750	-1.149063	-1.113563
-1.227812	-1.188125	-1.124562
-1.227812	-1.188125	-1.124562
-1.227812	-1.188125	-1.124562
-1.164625	-1.202250	-1.149312
-1.164625	-1.202250	-1.149312
-1.164625	-1.202250	-1.149312
-1.175625	-1.214438	-1.150875
-1.175625	-1.214438	-1.150875
-1.175625	-1.214438	-1.150875
-1.000625	-1.173062	-1.145188
-1.000625	-1.173062	-1.145188
-1.000625	-1.173062	-1.145188
-1.076875	-1.129063	-1.138562
-1.076875	-1.129063	-1.138562
-1.076875	-1.129063	-1.138562
-1.011937	-1.085938	-1.132062
-1.011937	-1.085938	-1.132062
-1.011937	-1.085938	-1.132062
-0.804312	-1.013875	-1.101875
-0.804312	-1.013875	-1.101875
-0.804312	-1.013875	-1.101875
-0.840750	-0.946875	-1.083937
-0.840750	-0.946875	-1.083937
-0.840750	-0.946875	-1.083937
-0.820812	-0.910937	-1.058375
-0.820812	-0.910937	-1.058375
-0.820812	-0.910937	-1.058375
-0.694937	-0.834500	-1.019062
-0.694937	-0.834500	-1.019062
-0.694937	-0.834500	-1.019062
-0.703875	-0.772938	-0.975313
-0.703875	-0.772938	-0.975313
-0.703875	-0.772938	-0.975313
-0.817813	-0.775625	-0.936312
-0.817813	-0.775625	-0.936312
-0.817813	-0.775625	-0.936312
-0.697937	-0.747062	-0.891500
-0.697937	-0.747062	-0.891500
-0.697937	-0.747062	-0.891500
-0.626062	-0.708125	-0.847938
-0.626062	-0.708125	-0.847938
-0.626062	-0.708125	-0.847938
-0.631188	-0.695375	-0.802687
-0.631188	-0.695375	-0.802687
-0.631188	-0.695375	-0.802687
-0.649062	-0.684375	-0.772188
-0.649062	-0.684375	-0.772188
-0.649062	-0.684375	-0.772188
-0.703750	-0.661563	-0.744750
-0.703750	-0.661563	-0.744750
-0.703750	-0.661563	-0.744750
-0.739250	-0.669813	-0.724187
-0.739250	-0.669813	-0.724187
-0.739250	-0.669813	-0.724187
-0.955250	-0.735688	-0.736875
-0.955250	-0.735688	-0.736875
-0.955250	-0.735688	-0.736875
-0.934312	-0.796312	-0.747500
-0.934312	-0.796312	-0.747500
-0.934312	-0.796312	-0.747500
-1.007688	-0.868000	-0.765625
-1.007688	-0.868000	-0.765625
-1.007688	-0.868000	-0.765625
-0.993625	-0.926000	-0.789250
-0.993625	-0.926000	-0.789250
-0.993625	-0.926000	-0.789250
-0.982187	-0.974562	-0.813312
-0.982187	-0.974562	-0.813312
-0.982187	-0.974562	-0.813312
-1.075187	-0.998563	-0.838812
-1.075187	-0.998563	-0.838812
-1.075187	-0.998563	-0.838812
-1.056750	-1.023062	-0.870875
-1.056750	-1.023062	-0.870875
-1.056750	-1.023062	-0.870875
-0.963250	-1.014188	-0.899563
-0.963250	-1.014188	-0.899563
-0.963250	-1.014188	-0.899563
-1.181312	-1.051688	-0.945750
-1.181312	-1.051688	-0.945750
-1.181312	-1.051688	-0.945750
-1.108812	-1.077063	-0.983812
-1.108812	-1.077063	-0.983812
-1.108812	-1.077063	-0.983812
-1.122375	-1.086500	-1.015562
-1.122375	-1.086500	-1.015562
-1.122375	-1.086500	-1.015562
-1.141687	-1.103438	-1.046938
-1.141687	-1.103438	-1.046938
-1.141687	-1.103438	-1.046938
-1.159063	-1.142625	-1.063562
-1.159063	-1.142625	-1.063562
-1.159063	-1.142625	-1.063562
-1.199062	-1.146187	-1.085375
-1.199062	-1.146187	-1.085375
-1.199062	-1.146187	-1.085375
-1.158187	-1.156062	-1.098812
-1.158187	-1.156062	-1.098812
-1.158187	-1.156062	-1.098812
-1.195938	-1.170750	-1.114812
-1.195938	-1.170750	-1.114812
-1.195938	-1.170750	-1.114812
-0.968000	-1.136000	-1.112313
-0.968000	-1.136000	-1.112313
-0.968000	-1.136000	-1.112313
-0.881313	-1.080500	-1.097562
-0.881313	-1.080500	-1.097562
-0.881313	-1.080500	-1.097562
-0.914125	-1.023500	-1.083063
-0.914125	-1.023500	-1.083063
-0.914125	-1.023500	-1.083063
-0.891500	-0.970125	-1.074375
-0.891500	-0.970125	-1.074375
-0.891500	-0.970125	-1.074375
-0.911875	-0.913312	-1.052188
-0.911875	-0.913312	-1.052188
-0.911875	-0.913312	-1.052188
-1.032750	-0.926312	-1.045063
-1.032750	-0.926312	-1.045063
-1.032750	-0.926312	-1.045063
-0.929750	-0.936000	-1.027813
-0.929750	-0.936000	-1.027813
-0.929750	-0.936000	-1.027813
-0.984563	-0.950063	-1.013313
-0.984563	-0.950063	-1.013313
-0.984563	-0.950063	-1.013313
-0.895625	-0.950875	-0.990563
-0.895625	-0.950875	-0.990563
-0.895625	-0.950875	-0.990563
-0.761500	-0.920813	-0.952937
-0.761500	-0.920813	-0.952937
-0.761500	-0.920813	-0.952937
-0.719500	-0.858187	-0.918375
-0.719500	-0.858187	-0.918375
-0.719500	-0.858187	-0.918375
-0.695688	-0.811375	-0.880687
-0.695688	-0.811375	-0.880687
-0.695688	-0.811375	-0.880687
-0.535000	-0.721437	-0.844313
-0.535000	-0.721437	-0.844313
-0.535000	-0.721437	-0.844313
-0.528813	-0.648062	-0.813750
-0.528813	-0.648062	-0.813750
-0.528813	-0.648062	-0.813750
-0.692063	-0.634188	-0.794625
-0.692063	-0.634188	-0.794625
-0.692063	-0.634188	-0.794625
-0.748938	-0.640062	-0.779875
-0.748938	-0.640062	-0.779875
-0.748938	-0.640062	-0.779875
-0.757750	-0.652500	-0.766312
-0.757750	-0.652500	-0.766312
-0.757750	-0.652500	-0.766312
-0.877375	-0.720938	-0.753750
-0.877375	-0.720938	-0.753750
-0.877375	-0.720938	-0.753750
-0.754750	-0.766125	-0.739250
-0.754750	-0.766125	-0.739250
-0.754750	-0.766125	-0.739250
-0.945063	-0.816750	-0.739688
-0.945063	-0.816750	-0.739688
-0.945063	-0.816750	-0.739688
-1.098812	-0.886750	-0.760250
-1.098812	-0.886750	-0.760250
-1.098812	-0.886750	-0.760250
-0.748938	-0.884938	-0.760312
-0.748938	-0.884938	-0.760312
-0.748938	-0.884938	-0.760312
-1.146125	-0.938688	-0.800250
-1.146125	-0.938688	-0.800250
-1.146125	-0.938688	-0.800250
-1.118000	-1.011375	-0.839500
-1.118000	-1.011375	-0.839500
-1.118000	-1.011375	-0.839500
-1.029375	-1.028250	-0.879437
-1.029375	-1.028250	-0.879437
-1.029375	-1.028250	-0.879437
-1.183625	-1.045187	-0.932063
-1.183625	-1.045187	-0.932063
-1.183625	-1.045187	-0.932063
-1.087250	-1.112875	-0.965000
-1.087250	-1.112875	-0.965000
-1.087250	-1.112875	-0.965000
-1.200250	-1.123687	-1.001688
-1.200250	-1.123687	-1.001688
-1.200250	-1.123687	-1.001688
-1.237937	-1.147687	-1.043187
-1.237937	-1.147687	-1.043187
-1.237937	-1.147687	-1.043187
-1.146375	-1.171062	-1.065187
-1.146375	-1.171062	-1.065187
-1.146375	-1.171062	-1.065187
-1.130000	-1.160313	-1.091625
-1.130000	-1.160313	-1.091625
-1.130000	-1.160313	-1.091625
-1.020812	-1.147063	-1.101500
-1.020812	-1.147063	-1.101500
-1.020812	-1.147063	-1.101500
-1.074062	-1.121813	-1.098563
-1.074062	-1.121813	-1.098563
-1.074062	-1.121813	-1.098563
-0.954000	-1.065000	-1.109875
-0.954000	-1.065000	-1.109875
-0.954000	-1.065000	-1.109875
-1.050625	-1.045875	-1.103687
-1.050625	-1.045875	-1.103687
-1.050625	-1.045875	-1.103687
-0.907250	-1.001313	-1.084375
-0.907250	-1.001313	-1.084375
-0.907250	-1.001313	-1.084375
-0.871000	-0.971375	-1.069687
-0.871000	-0.971375	-1.069687
-0.871000	-0.971375	-1.069687
-0.794937	-0.915562	-1.035937
-0.794937	-0.915562	-1.035937
-0.794937	-0.915562	-1.035937
-0.827187	-0.890188	-1.010875
-0.827187	-0.890188	-1.010875
-0.827187	-0.890188	-1.010875
-0.691312	-0.818312	-0.967938
-0.691312	-0.818312	-0.967938
-0.691312	-0.818312	-0.967938
-0.819250	-0.800687	-0.933750
-0.819250	-0.800687	-0.933750
-0.819250	-0.800687	-0.933750
-0.831937	-0.792875	-0.908750
-0.831937	-0.792875	-0.908750
-0.831937	-0.792875	-0.908750
-0.719250	-0.777750	-0.874313
-0.719250	-0.777750	-0.874313
-0.719250	-0.777750	-0.874313
-0.628000	-0.737938	-0.841625
-0.628000	-0.737938	-0.841625
-0.628000	-0.737938	-0.841625
-0.610500	-0.721750	-0.802063
-0.610500	-0.721750	-0.802063
-0.610500	-0.721750	-0.802063
-0.674250	-0.692750	-0.778750
-0.674250	-0.692750	-0.778750
-0.674250	-0.692750	-0.778750
-0.821812	-0.690750	-0.762125
-0.821812	-0.690750	-0.762125
-0.821812	-0.690750	-0.762125
-0.881750	-0.723250	-0.761875
-0.881750	-0.723250	-0.761875
-0.881750	-0.723250	-0.761875
-0.981187	-0.793875	-0.772125
-0.981187	-0.793875	-0.772125
-0.981187	-0.793875	-0.772125
-0.956063	-0.863000	-0.787813
-0.956063	-0.863000	-0.787813
-0.956063	-0.863000	-0.787813
-0.818063	-0.891750	-0.787125
-0.818063	-0.891750	-0.787125
-0.818063	-0.891750	-0.787125
-0.939000	-0.915188	-0.806063
-0.939000	-0.915188	-0.806063
-0.939000	-0.915188	-0.806063
-1.098125	-0.958438	-0.831812
-1.098125	-0.958438	-0.831812
-1.098125	-0.958438	-0.831812
-0.897250	-0.941688	-0.841000
-0.897250	-0.941688	-0.841000
-0.897250	-0.941688	-0.841000
-1.001500	-0.950750	-0.867188
-1.001500	-0.950750	-0.867188
-1.001500	-0.950750	-0.867188
-0.948500	-0.976875	-0.894000
-0.948500	-0.976875	-0.894000
-0.948500	-0.976875	-0.894000
-1.122812	-1.013625	-0.934562
-1.122812	-1.013625	-0.934562
-1.122812	-1.013625	-0.934562
-1.191375	-1.032250	-0.975562
-1.191375	-1.032250	-0.975562
-1.191375	-1.032250	-0.975562
-1.111000	-1.075000	-0.997750
-1.111000	-1.075000	-0.997750
-1.111000	-1.075000	-0.997750
-1.166625	-1.108062	-1.021000
-1.166625	-1.108062	-1.021000
-1.166625	-1.108062	-1.021000
-1.098313	-1.138000	-1.033937
-1.098313	-1.138000	-1.033937
-1.098313	-1.138000	-1.033937
-1.134750	-1.140375	-1.049625
-1.134750	-1.140375	-1.049625
-1.134750	-1.140375	-1.049625
-1.153687	-1.132875	-1.073750
-1.153687	-1.132875	-1.073750
-1.153687	-1.132875	-1.073750
-1.155312	-1.141687	-1.093063
-1.155312	-1.141687	-1.093063
-1.155312	-1.141687	-1.093063
-1.043875	-1.117188	-1.090062
-1.043875	-1.117188	-1.090062
-1.043875	-1.117188	-1.090062
-0.942813	-1.086062	-1.093125
-0.942813	-1.086062	-1.093125
-0.942813	-1.086062	-1.093125
-0.946000	-1.048312	-1.086250
-0.946000	-1.048312	-1.086250
-0.946000	-1.048312	-1.086250
-0.933875	-1.004375	-1.080812
-0.933875	-1.004375	-1.080812
-0.933875	-1.004375	-1.080812
-0.854000	-0.944063	-1.057813
-0.854000	-0.944063	-1.057813
-0.854000	-0.944063	-1.057813
-0.883250	-0.911937	-1.031688
-0.883250	-0.911937	-1.031688
-0.883250	-0.911937	-1.031688
-0.843625	-0.892125	-1.008875
-0.843625	-0.892125	-1.008875
-0.843625	-0.892125	-1.008875
-0.716063	-0.846125	-0.970562
-0.716063	-0.846125	-0.970562
-0.716063	-0.846125	-0.970562
-0.662500	-0.791875	-0.932063
-0.662500	-0.791875	-0.932063
-0.662500	-0.791875	-0.932063
-0.680688	-0.757188	-0.892563
-0.680688	-0.757188	-0.892563
-0.680688	-0.757188	-0.892563
-0.643062	-0.709187	-0.850437
-0.643062	-0.709187	-0.850437
-0.643062	-0.709187	-0.850437
-0.682375	-0.676937	-0.813312
-0.682375	-0.676937	-0.813312
-0.682375	-0.676937	-0.813312
-0.713250	-0.676375	-0.786500
-0.713250	-0.676375	-0.786500
-0.713250	-0.676375	-0.786500
-0.713187	-0.686500	-0.766875
-0.713187	-0.686500	-0.766875
-0.713187	-0.686500	-0.766875
-0.882938	-0.726938	-0.763000
-0.882938	-0.726938	-0.763000
-0.882938	-0.726938	-0.763000
-0.963250	-0.791000	-0.766437
-0.963250	-0.791000	-0.766437
-0.963250	-0.791000	-0.766437
-0.912625	-0.837000	-0.771625
-0.912625	-0.837000	-0.771625
-0.912625	-0.837000	-0.771625
-0.890375	-0.872437	-0.775125
-0.890375	-0.872437	-0.775125
-0.890375	-0.872437	-0.775125
-1.038563	-0.937500	-0.795063
-1.038563	-0.937500	-0.795063
-1.038563	-0.937500	-0.795063
-0.882313	-0.937375	-0.810000
-0.882313	-0.937375	-0.810000
