-0.973500
-0.973500
-0.959250
-0.959250
-0.959250
-0.940312
-0.940312
-0.940312
-0.970063
-0.970063
-0.970063
-0.957313
-0.957313
-0.957313
-0.964313
-0.964313
-0.964313
-0.945812
-0.945812
-0.945812
-0.956625
-0.956625
-0.956625
-0.949063
-0.949063
-0.949063
-0.960688
-0.960688
-0.960688
-1.103375
-1.103375
-1.103375
-1.272125
-1.272125
-1.272125
-0.914875
-0.914875
-0.914875
-1.077750
-1.077750
-1.077750
-1.354188
-1.354188
-1.354188
-1.345625
-1.345625
-1.345625
-1.383563
-1.383563
-1.383563
-0.829250
-0.829250
-0.829250
-0.432000
-0.432000
-0.432000
-0.551063
-0.551063
-0.551063
-0.440563
-0.440563
-0.440563
-0.131438
-0.131438
-0.131438
-0.678375
-0.678375
-0.678375
-0.083000
-0.083000
-0.083000
-0.378000
-0.378000
-0.378000
-1.103375
-1.103375
-1.103375
-1.202813
-1.202813
-1.202813
-1.972250
-1.972250
-1.972250
-2.026937
-2.026937
-2.026937
-2.047500
-2.047500
-2.047500
-2.047500
-2.047500
-2.047500
-0.711250
-0.711250
-0.711250
0.232750
0.232750
0.232750
0.686125
0.686125
0.686125
0.682312
0.682312
0.682312
1.018563
1.018563
1.018563
1.470625
1.470625
1.470625
0.318312
0.318312
0.318312
-0.717938
-0.717938
-0.717938
-1.664187
-1.664187
-1.664187
-2.047500
-2.047500
-2.047500
-2.047500
-2.047500
-2.047500
-1.496000
-1.496000
-1.496000
-1.267250
-1.267250
-1.267250
-2.047500
-2.047500
-2.047500
-1.650000
-1.650000
-1.650000
-0.200063
-0.200063
-0.200063
1.545688
1.545688
1.545688
1.491437
1.491437
1.491437
0.899250
0.899250
0.899250
0.956313
0.956313
0.956313
0.592500
0.592500
0.592500
-0.453062
-0.453062
-0.453062
-1.886000
-1.886000
-1.886000
-2.047500
-2.047500
-2.047500
-1.883312
-1.883312
-1.883312
-1.161500
-1.161500
-1.161500
-1.285562
-1.285562
-1.285562
-2.047500
-2.047500
-2.047500
-1.643312
-1.643312
-1.643312
-0.116812
-0.116812
-0.116812
0.911000
0.911000
0.911000
1.421250
1.421250
1.421250
1.359625
1.359625
1.359625
1.139250
1.139250
1.139250
0.224375
0.224375
0.224375
-1.622875
-1.622875
-1.622875
-2.047500
-2.047500
-2.047500
-2.047500
-2.047500
-2.047500
-1.531625
-1.531625
-1.531625
-1.142937
-1.142937
-1.142937
-1.746375
-1.746375
-1.746375
-2.047500
-2.047500
-2.047500
-1.232375
-1.232375
-1.232375
0.030625
0.030625
0.030625
0.526937
0.526937
0.526937
0.826750
0.826750
0.826750
1.117500
1.117500
1.117500
1.428688
1.428688
1.428688
0.870437
0.870437
0.870437
0.457750
0.457750
0.457750
-1.138750
-1.138750
-1.138750
-2.047500
-2.047500
-2.047500
-2.047500
-2.047500
-2.047500
-1.611625
-1.611625
-1.611625
-1.776687
-1.776687
-1.776687
-1.717375
-1.717375
-1.717375
-1.154562
-1.154562
-1.154562
-0.362000
-0.362000
-0.362000
0.161938
0.161938
0.161938
0.900188
0.900188
0.900188
0.959313
0.959313
0.959313
0.945625
0.945625
0.945625
1.025000
1.025000
1.025000
1.079063
1.079063
1.079063
-0.255625
-0.255625
-0.255625
-1.675250
-1.675250
-1.675250
-1.757937
-1.757937
-1.757937
-2.047500
-2.047500
-2.047500
-2.043312
-2.043312
-2.043312
-1.574375
-1.574375
-1.574375
-1.579063
-1.579063
-1.579063
-1.775750
-1.775750
-1.775750
-0.945562
-0.945562
-0.945562
-0.094500
-0.094500
-0.094500
0.677687
0.677687
0.677687
1.214562
1.214562
1.214562
1.250687
1.250687
1.250687
1.085438
1.085438
1.085438
0.739563
0.739563
0.739563
0.032438
0.032438
0.032438
-1.091875
-1.091875
-1.091875
-2.047500
-2.047500
-2.047500
-2.047500
-2.047500
-2.047500
-2.047500
-2.047500
-2.047500
-1.410313
-1.410313
-1.410313
-1.538687
-1.538687
-1.538687
-1.700250
-1.700250
-1.700250
-1.037500
-1.037500
-1.037500
-0.317250
-0.317250
-0.317250
0.356750
0.356750
0.356750
1.207437
1.207437
1.207437
1.241937
1.241937
1.241937
1.277750
1.277750
1.277750
0.771813
0.771813
0.771813
0.146187
0.146187
0.146187
-1.508063
-1.508063
-1.508063
-2.047500
-2.047500
-2.047500
-2.047500
-2.047500
-2.047500
-1.684250
-1.684250
-1.684250
-1.421750
-1.421750
-1.421750
-1.639188
-1.639188
-1.639188
-1.287187
-1.287187
-1.287187
-0.565312
-0.565312
-0.565312
-0.028000
-0.028000
-0.028000
0.432688
0.432688
0.432688
1.356625
1.356625
1.356625
0.844812
0.844812
0.844812
0.725625
0.725625
0.725625
0.064437
0.064437
0.064437
-0.498812
-0.498812
-0.498812
-2.015125
-2.015125
-2.015125
-2.047500
-2.047500
-2.047500
-2.047500
-2.047500
-2.047500
-1.631188
-1.631188
-1.631188
-1.622750
-1.622750
-1.622750
-1.271000
-1.271000
-1.271000
-0.734750
-0.734750
-0.734750
-0.360438
-0.360438
-0.360438
-0.032188
-0.032188
-0.032188
0.709750
0.709750
0.709750
0.941750
0.941750
0.941750
0.943688
0.943688
0.943688
0.973125
0.973125
0.973125
0.580812
0.580812
0.580812
-0.238563
-0.238563
-0.238563
-1.605500
-1.605500
-1.605500
-1.950500
-1.950500
-1.950500
-2.047500
-2.047500
-2.047500
-2.047500
-2.047500
-2.047500
-2.047500
-2.047500
-2.047500
-1.368000
-1.368000
-1.368000
-0.145375
-0.145375
-0.145375
0.367250
0.367250
0.367250
1.163312
1.163312
1.163312
1.339000
1.339000
1.339000
1.295562
1.295562
1.295562
0.842313
0.842313
0.842313
0.545375
0.545375
0.545375
0.052937
0.052937
0.052937
-1.895500
-1.895500
-1.895500
-0.162562
-0.162562
-0.162562
-2.047500
-2.047500
-2.047500
-2.047500
-2.047500
-2.047500
-1.514250
-1.514250
-1.514250
-0.921625
-0.921625
-0.921625
-0.888188
-0.888188
-0.888188
-0.468500
-0.468500
-0.468500
-0.092688
-0.092688
-0.092688
0.746313
0.746313
0.746313
2.047500
2.047500
2.047500
1.860188
1.860188
1.860188
-0.316563
-0.316563
-0.316563
-1.266125
-1.266125
-1.266125
-2.047500
-2.047500
-2.047500
-2.047500
-2.047500
-2.047500
-1.761062
-1.761062
-1.761062
-1.371500
-1.371500
-1.371500
-2.047500
-2.047500
-2.047500
-1.587187
-1.587187
-1.587187
-0.459937
-0.459937
-0.459937
-0.023875
-0.023875
-0.023875
0.746250
0.746250
0.746250
1.022375
1.022375
1.022375
1.201500
1.201500
1.201500
1.024188
1.024188
1.024188
0.838938
0.838938
0.838938
-0.051187
-0.051187
-0.051187
-0.932375
-0.932375
-0.932375
-2.047500
-2.047500
-2.047500
-2.047500
-2.047500
-2.047500
-2.047500
-2.047500
-2.047500
-1.625687
-1.625687
-1.625687
-1.691563
-1.691563
-1.691563
-0.773312
-0.773312
-0.773312
-0.259813
-0.259813
-0.259813
0.730250
0.730250
0.730250
1.513750
1.513750
1.513750
1.621375
1.621375
1.621375
0.871812
0.871812
0.871812
0.022875
0.022875
0.022875
-0.911937
-0.911937
-0.911937
-1.610062
-1.610062
-1.610062
-2.047500
-2.047500
-2.047500
-2.047500
-2.047500
-2.047500
-1.494000
-1.494000
-1.494000
-1.452875
-1.452875
-1.452875
-2.047500
-2.047500
-2.047500
-1.413938
-1.413938
-1.413938
-0.274562
-0.274562
-0.274562
0.379812
0.379812
0.379812
1.280250
1.280250
1.280250
1.536875
1.536875
1.536875
1.546000
1.546000
1.546000
1.211937
1.211937
1.211937
0.532000
0.532000
0.532000
-0.777000
-0.777000
-0.777000
-2.047500
-2.047500
-2.047500
-2.047500
-2.047500
-2.047500
-2.047500
-2.047500
-2.047500
-1.841813
-1.841813
-1.841813
-1.165375
-1.165375
-1.165375
-1.164625
-1.164625
-1.164625
-0.372312
-0.372312
-0.372312
0.058875
0.058875
0.058875
0.702313
0.702313
0.702313
1.486813
1.486813
1.486813
1.139438
1.139438
1.139438
0.372188
0.372188
0.372188
-0.240937
-0.240937
-0.240937
-1.485500
-1.485500
-1.485500
-2.023938
-2.023938
-2.023938
-2.047500
-2.047500
-2.047500
-2.025375
-2.025375
-2.025375
-1.517500
-1.517500
-1.517500
-1.575000
-1.575000
-1.575000
-1.083562
-1.083562
-1.083562
-0.400687
-0.400687
-0.400687
0.136187
0.136187
0.136187
0.935063
0.935063
0.935063
1.201625
1.201625
1.201625
0.957500
0.957500
0.957500
0.409438
0.409438
0.409438
-0.192000
-0.192000
-0.192000
-1.107563
-1.107563
-1.107563
-2.047500
-2.047500
-2.047500
-2.047500
-2.047500
-2.047500
-2.047500
-2.047500
-2.047500
-1.832188
-1.832188
-1.832188
-1.362188
-1.362188
-1.362188
-0.705937
-0.705937
-0.705937
-0.097937
-0.097937
-0.097937
0.505563
0.505563
0.505563
0.786312
0.786312
0.786312
0.652250
0.652250
0.652250
0.700625
0.700625
0.700625
0.850750
0.850750
0.850750
0.048688
0.048688
0.048688
-0.608187
-0.608187
-0.608187
-1.948187
-1.948187
-1.948187
-2.047500
-2.047500
-2.047500
-2.047500
-2.047500
-2.047500
-1.984750
-1.984750
-1.984750
-1.423250
-1.423250
-1.423250
-0.879250
-0.879250
-0.879250
-0.197250
-0.197250
-0.197250
0.249812
0.249812
0.249812
0.996875
0.996875
0.996875
1.190937
1.190937
1.190937
1.049688
1.049688
1.049688
0.896750
0.896750
0.896750
0.518938
0.518938
0.518938
-0.810688
-0.810688
-0.810688
-2.047500
-2.047500
-2.047500
-2.047500
-2.047500
-2.047500
-2.047500
-2.047500
-2.047500
-1.732563
-1.732563
-1.732563
-1.684375
-1.684375
-1.684375
-0.776937
-0.776937
-0.776937
0.352438
0.352438
0.352438
1.428250
1.428250
1.428250
1.597687
1.597687
1.597687
1.318000
1.318000
1.318000
0.696250
0.696250
0.696250
0.531687
0.531687
0.531687
0.023750
0.023750
0.023750
-1.488813
-1.488813
-1.488813
-2.047500
-2.047500
-2.047500
-2.047500
-2.047500
-2.047500
-1.907188
-1.907188
-1.907188
-1.231250
-1.231250
-1.231250
-1.330563
-1.330563
-1.330563
-0.885125
-0.885125
-0.885125
-0.309750
-0.309750
-0.309750
0.692250
0.692250
0.692250
1.502250
1.502250
1.502250
1.841063
1.841063
1.841063
0.720938
0.720938
0.720938
0.464125
0.464125
0.464125
-0.201000
-0.201000
-0.201000
-1.533625
-1.533625
-1.533625
-2.047500
-2.047500
-2.047500
-2.047500
-2.047500
-2.047500
-1.903875
-1.903875
-1.903875
-2.032313
-2.032313
-2.032313
-1.963000
-1.963000
-1.963000
-1.238813
-1.238813
-1.238813
0.011312
0.011312
0.011312
1.669437
1.669437
1.669437
2.047500
2.047500
2.047500
1.148813
1.148813
1.148813
0.122313
0.122313
0.122313
0.124500
0.124500
0.124500
-0.258188
-0.258188
-0.258188
-2.020563
-2.020563
-2.020563
-2.047500
-2.047500
-2.047500
-2.047500
-2.047500
-2.047500
-1.623563
-1.623563
-1.623563
-1.913500
-1.913500
-1.913500
-1.602375
-1.602375
-1.602375
-0.774312
-0.774312
-0.774312
0.107625
0.107625
0.107625
1.322688
1.322688
1.322688
1.409938
1.409938
