z	zfir	zmaf
-0.970000	-0.194000	-0.083562
-0.970000	-0.194000	-0.083562
-0.966500	-0.387250	-0.166937
-0.966500	-0.387250	-0.166937
-0.966500	-0.387250	-0.166937
-0.976187	-0.582500	-0.251063
-0.976187	-0.582500	-0.251063
-0.976187	-0.582500	-0.251063
-0.971250	-0.776750	-0.334813
-0.971250	-0.776750	-0.334813
-0.971250	-0.776750	-0.334813
-0.971750	-0.971125	-0.418563
-0.971750	-0.971125	-0.418563
-0.971750	-0.971125	-0.418563
-0.967562	-0.970625	-0.502000
-0.967562	-0.970625	-0.502000
-0.967562	-0.970625	-0.502000
-0.961938	-0.969688	-0.584875
-0.961938	-0.969688	-0.584875
-0.961938	-0.969688	-0.584875
-0.977750	-0.970000	-0.669188
-0.977750	-0.970000	-0.669188
-0.977750	-0.970000	-0.669188
-0.969063	-0.969562	-0.752750
-0.969063	-0.969562	-0.752750
-0.969063	-0.969562	-0.752750
-0.969000	-0.969063	-0.836250
-0.969000	-0.969063	-0.836250
-0.969000	-0.969063	-0.836250
-0.976812	-0.970875	-0.903750
-0.976812	-0.970875	-0.903750
-0.976812	-0.970875	-0.903750
-0.960250	-0.970562	-0.969875
-0.960250	-0.970562	-0.969875
-0.960250	-0.970562	-0.969875
-0.963313	-0.967688	-0.969187
-0.963313	-0.967688	-0.969187
-0.963313	-0.967688	-0.969187
-0.969562	-0.967750	-0.969375
-0.969562	-0.967750	-0.969375
-0.969562	-0.967750	-0.969375
-0.978812	-0.969750	-0.969688
-0.978812	-0.969750	-0.969688
-0.978812	-0.969750	-0.969688
-0.971562	-0.968688	-0.969750
-0.971562	-0.968688	-0.969750
-0.971562	-0.968688	-0.969750
-0.971313	-0.970875	-0.969875
-0.971313	-0.970875	-0.969875
-0.971313	-0.970875	-0.969875
-0.971562	-0.972562	-0.970063
-0.971562	-0.972562	-0.970063
-0.971562	-0.972562	-0.970063
-0.970812	-0.972812	-0.970688
-0.970812	-0.972812	-0.970688
-0.970812	-0.972812	-0.970688
-0.969562	-0.970938	-0.970125
-0.969562	-0.970938	-0.970125
-0.969562	-0.970938	-0.970125
-0.974562	-0.971562	-0.970500
-0.974562	-0.971562	-0.970500
-0.974562	-0.971562	-0.970500
-0.964063	-0.970063	-0.970187
-0.964063	-0.970063	-0.970187
-0.964063	-0.970063	-0.970187
-0.964063	-0.968562	-0.969313
-0.964063	-0.968562	-0.969313
-0.964063	-0.968562	-0.969313
-0.968625	-0.968125	-0.969875
-0.968625	-0.968125	-0.969875
-0.968625	-0.968125	-0.969875
-0.970562	-0.968375	-0.970250
-0.970562	-0.968375	-0.970250
-0.970562	-0.968375	-0.970250
-0.965063	-0.966437	-0.969812
-0.965063	-0.966437	-0.969812
-0.965063	-0.966437	-0.969812
-0.965250	-0.966688	-0.968812
-0.965250	-0.966688	-0.968812
-0.965250	-0.966688	-0.968812
-0.972500	-0.968375	-0.968875
-0.972500	-0.968375	-0.968875
-0.972500	-0.968375	-0.968875
-0.974313	-0.969500	-0.969125
-0.974313	-0.969500	-0.969125
-0.974313	-0.969500	-0.969125
-0.969063	-0.969187	-0.968938
-0.969063	-0.969187	-0.968938
-0.969063	-0.969187	-0.968938
-0.975562	-0.971313	-0.969313
-0.975562	-0.971313	-0.969313
-0.975562	-0.971313	-0.969313
-0.964750	-0.971187	-0.969000
-0.964750	-0.971187	-0.969000
-0.964750	-0.971187	-0.969000
-0.967313	-0.970187	-0.968562
-0.967313	-0.970187	-0.968562
-0.967313	-0.970187	-0.968562
-0.967812	-0.968875	-0.968812
-0.967812	-0.968875	-0.968812
-0.967812	-0.968875	-0.968812
-0.970063	-0.969063	-0.969187
-0.970063	-0.969063	-0.969187
-0.970063	-0.969063	-0.969187
-0.968625	-0.967688	-0.969250
-0.968625	-0.967688	-0.969250
-0.968625	-0.967688	-0.969250
-0.970250	-0.968812	-0.969313
-0.970250	-0.968812	-0.969313
-0.970250	-0.968812	-0.969313
-0.965000	-0.968313	-0.969187
-0.965000	-0.968313	-0.969187
-0.965000	-0.968313	-0.969187
-0.965938	-0.967938	-0.969063
-0.965938	-0.967938	-0.969063
-0.965938	-0.967938	-0.969063
-0.966625	-0.967250	-0.968625
-0.966625	-0.967250	-0.968625
-0.966625	-0.967250	-0.968625
-0.971063	-0.967750	-0.968313
-0.971063	-0.967750	-0.968313
-0.971063	-0.967750	-0.968313
-0.963375	-0.966375	-0.967938
-0.963375	-0.966375	-0.967938
-0.963375	-0.966375	-0.967938
-0.972875	-0.967938	-0.967812
-0.972875	-0.967938	-0.967812
-0.972875	-0.967938	-0.967812
-0.962250	-0.967187	-0.967562
-0.962250	-0.967187	-0.967562
-0.962250	-0.967187	-0.967562
-0.967250	-0.967313	-0.967500
-0.967250	-0.967313	-0.967500
-0.967250	-0.967313	-0.967500
-0.971250	-0.967375	-0.967812
-0.971250	-0.967375	-0.967812
-0.971250	-0.967375	-0.967812
-0.963875	-0.967500	-0.967250
-0.963875	-0.967500	-0.967250
-0.963875	-0.967500	-0.967250
-0.971000	-0.967125	-0.967500
-0.971000	-0.967125	-0.967500
-0.971000	-0.967125	-0.967500
-0.969375	-0.968500	-0.967500
-0.969375	-0.968500	-0.967500
-0.969375	-0.968500	-0.967500
-0.964812	-0.968063	-0.967500
-0.964812	-0.968063	-0.967500
-0.964812	-0.968063	-0.967500
-0.977375	-0.969250	-0.968375
-0.977375	-0.969250	-0.968375
-0.977375	-0.969250	-0.968375
-1.117250	-0.999938	-0.981437
-1.117250	-0.999938	-0.981437
-1.117250	-0.999938	-0.981437
-1.040188	-1.013750	-0.987375
-1.040188	-1.013750	-0.987375
-1.040188	-1.013750	-0.987375
-0.931125	-1.006125	-0.984563
-0.931125	-1.006125	-0.984563
-0.931125	-1.006125	-0.984563
-0.980938	-1.009375	-0.985375
-0.980938	-1.009375	-0.985375
-0.980938	-1.009375	-0.985375
-0.977000	-1.009250	-0.986500
-0.977000	-1.009250	-0.986500
-0.977000	-1.009250	-0.986500
-0.958063	-0.977437	-0.985750
-0.958063	-0.977437	-0.985750
-0.958063	-0.977437	-0.985750
-0.976500	-0.964688	-0.986250
-0.976500	-0.964688	-0.986250
-0.976500	-0.964688	-0.986250
-0.980688	-0.974625	-0.987563
-0.980688	-0.974625	-0.987563
-0.980688	-0.974625	-0.987563
-0.970500	-0.972500	-0.987625
-0.970500	-0.972500	-0.987625
-0.970500	-0.972500	-0.987625
-0.968812	-0.970875	-0.987437
-0.968812	-0.970875	-0.987437
-0.968812	-0.970875	-0.987437
-0.963063	-0.971875	-0.984688
-0.963063	-0.971875	-0.984688
-0.963063	-0.971875	-0.984688
-0.971562	-0.970875	-0.983062
-0.971562	-0.970875	-0.983062
-0.971562	-0.970875	-0.983062
-0.978062	-0.970375	-0.974313
-0.978062	-0.970375	-0.974313
-0.978062	-0.970375	-0.974313
-0.967313	-0.969750	-0.969063
-0.967313	-0.969750	-0.969063
-0.967313	-0.969750	-0.969063
-0.975063	-0.971000	-0.972063
-0.975063	-0.971000	-0.972063
-0.975063	-0.971000	-0.972063
-0.971063	-0.972562	-0.971562
-0.971063	-0.972562	-0.971562
-0.971063	-0.972562	-0.971562
-0.978125	-0.973875	-0.971688
-0.978125	-0.973875	-0.971688
-0.978125	-0.973875	-0.971688
-0.960750	-0.970437	-0.971500
-0.960750	-0.970437	-0.971500
-0.960750	-0.970437	-0.971500
-0.973000	-0.971562	-0.971313
-0.973000	-0.971562	-0.971313
-0.973000	-0.971562	-0.971313
-0.972562	-0.971063	-0.970812
-0.972562	-0.971063	-0.970812
-0.972562	-0.971063	-0.970812
-0.960313	-0.968938	-0.970063
-0.960313	-0.968938	-0.970063
-0.960313	-0.968938	-0.970063
-0.971187	-0.967562	-0.970250
-0.971187	-0.967562	-0.970250
-0.971187	-0.967562	-0.970250
-0.976625	-0.970688	-0.971125
-0.976625	-0.970688	-0.971125
-0.976625	-0.970688	-0.971125
-0.979812	-0.972063	-0.971938
-0.979812	-0.972063	-0.971938
-0.979812	-0.972063	-0.971938
-0.973125	-0.972187	-0.971562
-0.973125	-0.972187	-0.971562
-0.973125	-0.972187	-0.971562
-0.959625	-0.972063	-0.970812
-0.959625	-0.972063	-0.970812
-0.959625	-0.972063	-0.970812
-0.976750	-0.973187	-0.970938
-0.976750	-0.973187	-0.970938
-0.976750	-0.973187	-0.970938
-0.962063	-0.970250	-0.970313
-0.962063	-0.970250	-0.970313
-0.962063	-0.970250	-0.970313
-0.971000	-0.968500	-0.969812
-0.971000	-0.968500	-0.969812
-0.971000	-0.968500	-0.969812
-0.965812	-0.967000	-0.970063
-0.965812	-0.967000	-0.970063
-0.965812	-0.967000	-0.970063
-0.969812	-0.969063	-0.970000
-0.969812	-0.969063	-0.970000
-0.969812	-0.969063	-0.970000
-0.970500	-0.967812	-0.969812
-0.970500	-0.967812	-0.969812
-0.970500	-0.967812	-0.969812
-0.949937	-0.965375	-0.968625
-0.949937	-0.965375	-0.968625
-0.949937	-0.965375	-0.968625
-0.963625	-0.963938	-0.967875
-0.963625	-0.963938	-0.967875
-0.963625	-0.963938	-0.967875
-0.979625	-0.966688	-0.968187
-0.979625	-0.966688	-0.968187
-0.979625	-0.966688	-0.968187
-0.969562	-0.966625	-0.967625
-0.969562	-0.966625	-0.967625
-0.969562	-0.966625	-0.967625
-0.971750	-0.966875	-0.967437
-0.971750	-0.966875	-0.967437
-0.971750	-0.966875	-0.967437
-0.951875	-0.967250	-0.966750
-0.951875	-0.967250	-0.966750
-0.951875	-0.967250	-0.966750
-0.967375	-0.968000	-0.966063
-0.967375	-0.968000	-0.966063
-0.967375	-0.968000	-0.966063
-0.965313	-0.965125	-0.966250
-0.965313	-0.965125	-0.966250
-0.965313	-0.965125	-0.966250
-0.966250	-0.964500	-0.965875
-0.966250	-0.964500	-0.965875
-0.966250	-0.964500	-0.965875
-0.969500	-0.964063	-0.966125
-0.969500	-0.964063	-0.966125
-0.969500	-0.964063	-0.966125
-0.950187	-0.963688	-0.964750
-0.950187	-0.963688	-0.964750
-0.950187	-0.963688	-0.964750
-0.971187	-0.964437	-0.964938
-0.971187	-0.964437	-0.964938
-0.971187	-0.964437	-0.964938
-0.963812	-0.964187	-0.965625
-0.963812	-0.964187	-0.965625
-0.963812	-0.964187	-0.965625
-0.959500	-0.962812	-0.965125
-0.959500	-0.962812	-0.965125
-0.959500	-0.962812	-0.965125
-0.973375	-0.963562	-0.964750
-0.973375	-0.963562	-0.964750
-0.973375	-0.963562	-0.964750
-0.956500	-0.964875	-0.963938
-0.956500	-0.964875	-0.963938
-0.956500	-0.964875	-0.963938
-0.970938	-0.964812	-0.963938
-0.970938	-0.964812	-0.963938
-0.970938	-0.964812	-0.963938
-0.968750	-0.965812	-0.965125
-0.968750	-0.965812	-0.965125
-0.968750	-0.965812	-0.965125
-0.968313	-0.967562	-0.965250
-0.968313	-0.967562	-0.965250
-0.968313	-0.967562	-0.965250
-0.967562	-0.966375	-0.965375
-0.967562	-0.966375	-0.965375
-0.967562	-0.966375	-0.965375
-0.958812	-0.966875	-0.965000
-0.958812	-0.966875	-0.965000
-0.958812	-0.966875	-0.965000
-0.971875	-0.967063	-0.965187
-0.971875	-0.967063	-0.965187
-0.971875	-0.967063	-0.965187
-0.964562	-0.966187	-0.966187
-0.964562	-0.966187	-0.966187
-0.964562	-0.966187	-0.966187
-0.970250	-0.966562	-0.966313
-0.970250	-0.966562	-0.966313
-0.970250	-0.966562	-0.966313
-0.976750	-0.968437	-0.967250
-0.976750	-0.968437	-0.967250
-0.976750	-0.968437	-0.967250
-0.965125	-0.969688	-0.967812
-0.965125	-0.969688	-0.967812
-0.965125	-0.969688	-0.967812
-0.965250	-0.968375	-0.967125
-0.965250	-0.968375	-0.967125
-0.965250	-0.968375	-0.967125
-0.968313	-0.969125	-0.967938
-0.968313	-0.969125	-0.967938
-0.968313	-0.969125	-0.967938
-0.962750	-0.967625	-0.967313
-0.962750	-0.967625	-0.967313
-0.962750	-0.967625	-0.967313
-0.969000	-0.966063	-0.967313
-0.969000	-0.966063	-0.967313
-0.969000	-0.966063	-0.967313
-0.956063	-0.964250	-0.966437
-0.956063	-0.964250	-0.966437
-0.956063	-0.964250	-0.966437
-0.970688	-0.965313	-0.966625
-0.970688	-0.965313	-0.966625
-0.970688	-0.965313	-0.966625
-0.971500	-0.966000	-0.967625
-0.971500	-0.966000	-0.967625
-0.971500	-0.966000	-0.967625
-0.971063	-0.967625	-0.967562
-0.971063	-0.967625	-0.967562
-0.971063	-0.967625	-0.967562
-0.979000	-0.969625	-0.968625
-0.979000	-0.969625	-0.968625
-0.979000	-0.969625	-0.968625
-0.956562	-0.969750	-0.967500
-0.956562	-0.969750	-0.967500
-0.956562	-0.969750	-0.967500
-0.972187	-0.970063	-0.967313
-0.972187	-0.970063	-0.967313
-0.972187	-0.970063	-0.967313
-0.965562	-0.968875	-0.967313
-0.965562	-0.968875	-0.967313
-0.965562	-0.968875	-0.967313
-0.963000	-0.967250	-0.967187
-0.963000	-0.967250	-0.967187
-0.963000	-0.967250	-0.967187
-0.974063	-0.966250	-0.967625
-0.974063	-0.966250	-0.967625
-0.974063	-0.966250	-0.967625
-0.963250	-0.967562	-0.967812
-0.963250	-0.967562	-0.967812
-0.963250	-0.967562	-0.967812
-0.969812	-0.967125	-0.967875
-0.969812	-0.967125	-0.967875
-0.969812	-0.967125	-0.967875
-0.978812	-0.969750	-0.969562
-0.978812	-0.969750	-0.969562
-0.978812	-0.969750	-0.969562
-0.977375	-0.972625	-0.970125
-0.977375	-0.972625	-0.970125
-0.977375	-0.972625	-0.970125
-0.959688	-0.969750	-0.968938
-0.959688	-0.969750	-0.968938
-0.959688	-0.969750	-0.968938
-0.958625	-0.968812	-0.968125
-0.958625	-0.968812	-0.968125
-0.958625	-0.968812	-0.968125
-0.975625	-0.970000	-0.968000
-0.975625	-0.970000	-0.968000
-0.975625	-0.970000	-0.968000
-0.966562	-0.967562	-0.968688
-0.966562	-0.967562	-0.968688
-0.966562	-0.967562	-0.968688
-0.965313	-0.965125	-0.968250
-0.965313	-0.965125	-0.968250
-0.965313	-0.965125	-0.968250
-0.965938	-0.966375	-0.968125
-0.965938	-0.966375	-0.968125
-0.965938	-0.966375	-0.968125
-0.964875	-0.967625	-0.968313
-0.964875	-0.967625	-0.968313
-0.964875	-0.967625	-0.968313
-0.970125	-0.966562	-0.968000
-0.970125	-0.966562	-0.968000
-0.970125	-0.966562	-0.968000
-0.970250	-0.967250	-0.968375
-0.970250	-0.967250	-0.968375
-0.970250	-0.967250	-0.968375
-0.963875	-0.967000	-0.967688
-0.963875	-0.967000	-0.967688
-0.963875	-0.967000	-0.967688
-0.971750	-0.968125	-0.967437
-0.971750	-0.968125	-0.967437
-0.971750	-0.968125	-0.967437
-0.966000	-0.968375	-0.966750
-0.966000	-0.968375	-0.966750
-0.966000	-0.968375	-0.966750
-0.970375	-0.968437	-0.967437
-0.970375	-0.968437	-0.967437
-0.970375	-0.968437	-0.967437
-0.971625	-0.968688	-0.968437
-0.971625	-0.968688	-0.968437
-0.971625	-0.968688	-0.968437
-0.971812	-0.970313	-0.968250
-0.971812	-0.970313	-0.968250
-0.971812	-0.970313	-0.968250
-0.968562	-0.969625	-0.968437
-0.968562	-0.969625	-0.968437
-0.968562	-0.969625	-0.968437
-0.971750	-0.970812	-0.969000
-0.971750	-0.970812	-0.969000
-0.971750	-0.970812	-0.969000
-0.969500	-0.970625	-0.969250
-0.969500	-0.970625	-0.969250
-0.969500	-0.970625	-0.969250
-0.972000	-0.970688	-0.969750
-0.972000	-0.970688	-0.969750
-0.972000	-0.970688	-0.969750
-0.966250	-0.969562	-0.969562
-0.966250	-0.969562	-0.969562
-0.966250	-0.969562	-0.969562
-0.970000	-0.969875	-0.969500
-0.970000	-0.969875	-0.969500
-0.970000	-0.969875	-0.969500
-0.967187	-0.968938	-0.969750
-0.967187	-0.968938	-0.969750
-0.967187	-0.968938	-0.969750
-0.969125	-0.968875	-0.969500
-0.969125	-0.968875	-0.969500
-0.969125	-0.968875	-0.969500
-0.970812	-0.968625	-0.969875
-0.970812	-0.968625	-0.969875
-0.970812	-0.968625	-0.969875
-0.970313	-0.969437	-0.969812
-0.970313	-0.969437	-0.969812
-0.970313	-0.969437	-0.969812
-0.976750	-0.970812	-0.970313
-0.976750	-0.970812	-0.970313
-0.976750	-0.970812	-0.970313
-0.966625	-0.970688	-0.969875
-0.966625	-0.970688	-0.969875
-0.966625	-0.970688	-0.969875
-0.969625	-0.970812	-0.969938
-0.969625	-0.970812	-0.969938
-0.969625	-0.970812	-0.969938
-0.975063	-0.971625	-0.970250
-0.975063	-0.971625	-0.970250
-0.975063	-0.971625	-0.970250
-0.964250	-0.970437	-0.969812
-0.964250	-0.970437	-0.969812
-0.964250	-0.970437	-0.969812
-0.973375	-0.969750	-0.970000
-0.973375	-0.969750	-0.970000
-0.973375	-0.969750	-0.970000
-0.969562	-0.970375	-0.970250
-0.969562	-0.970375	-0.970250
-0.969562	-0.970375	-0.970250
-0.967750	-0.970000	-0.970063
-0.967750	-0.970000	-0.970063
-0.967750	-0.970000	-0.970063
-0.979125	-0.970812	-0.971063
-0.979125	-0.970812	-0.971063
-0.979125	-0.970812	-0.971063
-0.967500	-0.971437	-0.970875
-0.967500	-0.971437	-0.970875
-0.967500	-0.971437	-0.970875
-0.969750	-0.970688	-0.970688
-0.969750	-0.970688	-0.970688
-0.969750	-0.970688	-0.970688
-0.963750	-0.969562	-0.970187
-0.963750	-0.969562	-0.970187
-0.963750	-0.969562	-0.970187
-0.969250	-0.969875	-0.969688
-0.969250	-0.969875	-0.969688
-0.969250	-0.969875	-0.969688
-0.962625	-0.966562	-0.969187
-0.962625	-0.966562	-0.969187
-0.962625	-0.966562	-0.969187
-0.967375	-0.966500	-0.969063
-0.967375	-0.966500	-0.969063
-0.967375	-0.966500	-0.969063
-0.971000	-0.966750	-0.968750
-0.971000	-0.966750	-0.968750
-0.971000	-0.966750	-0.968750
-0.969875	-0.968000	-0.969125
-0.969875	-0.968000	-0.969125
-0.969875	-0.968000	-0.969125
-0.973125	-0.968750	-0.969187
-0.973125	-0.968750	-0.969187
-0.973125	-0.968750	-0.969187
-0.974875	-0.971250	-0.969500
-0.974875	-0.971250	-0.969500
-0.974875	-0.971250	-0.969500
-0.968812	-0.971500	-0.969625
-0.968812	-0.971500	-0.969625
-0.968812	-0.971500	-0.969625
-0.971250	-0.971562	-0.969063
-0.971250	-0.971562	-0.969063
-0.971250	-0.971562	-0.969063
-0.965125	-0.970625	-0.968938
-0.965125	-0.970625	-0.968938
-0.965125	-0.970625	-0.968938
-0.965313	-0.969063	-0.968562
-0.965313	-0.969063	-0.968562
-0.965313	-0.969063	-0.968562
-0.966812	-0.967437	-0.968875
-0.966812	-0.967437	-0.968875
-0.966812	-0.967437	-0.968875
-0.971313	-0.967938	-0.969063
-0.971313	-0.967938	-0.969063
-0.971313	-0.967938	-0.969063
-0.970688	-0.967812	-0.969625
-0.970688	-0.967812	-0.969625
-0.970688	-0.967812	-0.969625
-0.964250	-0.967625	-0.969313
-0.964250	-0.967625	-0.969313
-0.964250	-0.967625	-0.969313
-0.972375	-0.969063	-0.969375
-0.972375	-0.969063	-0.969375
-0.972375	-0.969063	-0.969375
-0.972562	-0.970187	-0.969500
-0.972562	-0.970187	-0.969500
-0.972562	-0.970187	-0.969500
-0.967625	-0.969500	-0.969125
-0.967625	-0.969500	-0.969125
-0.967625	-0.969500	-0.969125
-0.967625	-0.968875	-0.968562
-0.967625	-0.968875	-0.968562
-0.967625	-0.968875	-0.968562
-0.973625	-0.970750	-0.969063
-0.973625	-0.970750	-0.969063
-0.973625	-0.970750	-0.969063
-0.965938	-0.969437	-0.968688
-0.965938	-0.969437	-0.968688
-0.965938	-0.969437	-0.968688
-0.974688	-0.969875	-0.969500
-0.974688	-0.969875	-0.969500
-0.974688	-0.969875	-0.969500
-0.970000	-0.970375	-0.969812
-0.970000	-0.970375	-0.969812
-0.970000	-0.970375	-0.969812
-0.968562	-0.970562	-0.969875
-0.968562	-0.970562	-0.969875
-0.968562	-0.970562	-0.969875
-0.966000	-0.969000	-0.969562
-0.966000	-0.969000	-0.969562
-0.966000	-0.969000	-0.969562
-0.961938	-0.968187	-0.968750
-0.961938	-0.968187	-0.968750
-0.961938	-0.968187	-0.968750
-0.970250	-0.967313	-0.969125
-0.970250	-0.967313	-0.969125
-0.970250	-0.967313	-0.969125
-0.963812	-0.966063	-0.968437
-0.963812	-0.966063	-0.968437
-0.963812	-0.966063	-0.968437
-0.964750	-0.965313	-0.967875
-0.964750	-0.965313	-0.967875
-0.964750	-0.965313	-0.967875
-0.968313	-0.965812	-0.967812
-0.968313	-0.965812	-0.967812
-0.968313	-0.965812	-0.967812
-0.971187	-0.967625	-0.968187
-0.971187	-0.967625	-0.968187
-0.971187	-0.967625	-0.968187
-0.971375	-0.967875	-0.967938
-0.971375	-0.967875	-0.967938
-0.971375	-0.967875	-0.967938
-0.966812	-0.968437	-0.967938
-0.966812	-0.968437	-0.967938
-0.966812	-0.968437	-0.967938
-0.965938	-0.968688	-0.967313
-0.965938	-0.968688	-0.967313
-0.965938	-0.968688	-0.967313
-0.967625	-0.968562	-0.967187
-0.967625	-0.968562	-0.967187
-0.967625	-0.968562	-0.967187
-0.968812	-0.968063	-0.967313
-0.968812	-0.968063	-0.967313
-0.968812	-0.968063	-0.967313
-0.969375	-0.967688	-0.967562
-0.969375	-0.967688	-0.967562
-0.969375	-0.967688	-0.967562
-0.967875	-0.967875	-0.968000
-0.967875	-0.967875	-0.968000
-0.967875	-0.967875	-0.968000
-0.968313	-0.968375	-0.967938
-0.968313	-0.968375	-0.967938
-0.968313	-0.968375	-0.967938
-0.973875	-0.969625	-0.968750
-0.973875	-0.969625	-0.968750
-0.973875	-0.969625	-0.968750
-0.962812	-0.968437	-0.968437
-0.962812	-0.968437	-0.968437
-0.962812	-0.968437	-0.968437
-0.961562	-0.966875	-0.967812
-0.961562	-0.966875	-0.967812
-0.961562	-0.966875	-0.967812
-0.966000	-0.966500	-0.967437
-0.966000	-0.966500	-0.967437
-0.966000	-0.966500	-0.967437
-0.963187	-0.965437	-0.966812
-0.963187	-0.965437	-0.966812
-0.963187	-0.965437	-0.966812
-0.971187	-0.964938	-0.967187
-0.971187	-0.964938	-0.967187
-0.971187	-0.964938	-0.967187
-0.960187	-0.964375	-0.966625
-0.960187	-0.964375	-0.966625
-0.960187	-0.964375	-0.966625
-0.971000	-0.966313	-0.966938
-0.971000	-0.966313	-0.966938
-0.971000	-0.966313	-0.966938
-0.972500	-0.967562	-0.967250
-0.972500	-0.967562	-0.967250
-0.972500	-0.967562	-0.967250
-0.969063	-0.968750	-0.967250
-0.969063	-0.968750	-0.967250
-0.969063	-0.968750	-0.967250
-0.967063	-0.967938	-0.967063
-0.967063	-0.967938	-0.967063
-0.967063	-0.967938	-0.967063
-0.966187	-0.969125	-0.967000
-0.966187	-0.969125	-0.967000
-0.966187	-0.969125	-0.967000
-0.969375	-0.968812	-0.966812
-0.969375	-0.968812	-0.966812
-0.969375	-0.968812	-0.966812
-0.967562	-0.967812	-0.967125
-0.967562	-0.967812	-0.967125
-0.967562	-0.967812	-0.967125
-0.966250	-0.967250	-0.967562
-0.966250	-0.967250	-0.967562
-0.966250	-0.967250	-0.967562
-0.971250	-0.968125	-0.967875
-0.971250	-0.968125	-0.967875
-0.971250	-0.968125	-0.967875
-0.959875	-0.966812	-0.967688
-0.959875	-0.966812	-0.967688
-0.959875	-0.966812	-0.967688
-0.951000	-0.963187	-0.965938
-0.951000	-0.963187	-0.965938
-0.951000	-0.963187	-0.965938
-0.973562	-0.964375	-0.966875
-0.973562	-0.964375	-0.966875
-0.973562	-0.964375	-0.966875
-0.970250	-0.965187	-0.966812
-0.970250	-0.965187	-0.966812
-0.970250	-0.965187	-0.966812
-0.970125	-0.964938	-0.966750
-0.970125	-0.964938	-0.966750
-0.970125	-0.964938	-0.966750
-0.964500	-0.965875	-0.966375
-0.964500	-0.965875	-0.966375
-0.964500	-0.965875	-0.966375
-0.948000	-0.965250	-0.964688
-0.948000	-0.965250	-0.964688
-0.948000	-0.965250	-0.964688
-0.973313	-0.965187	-0.965313
-0.973313	-0.965187	-0.965313
-0.973313	-0.965187	-0.965313
-0.967375	-0.964625	-0.965187
-0.967375	-0.964625	-0.965187
-0.967375	-0.964625	-0.965187
-0.973313	-0.965250	-0.965625
-0.973313	-0.965250	-0.965625
-0.973313	-0.965250	-0.965625
-0.970938	-0.966562	-0.966125
-0.970938	-0.966562	-0.966125
-0.970938	-0.966562	-0.966125
-0.948500	-0.966688	-0.964500
-0.948500	-0.966688	-0.964500
-0.948500	-0.966688	-0.964500
-0.975313	-0.967063	-0.965625
-0.975313	-0.967063	-0.965625
-0.975313	-0.967063	-0.965625
-0.967187	-0.967000	-0.966688
-0.967187	-0.967000	-0.966688
-0.967187	-0.967000	-0.966688
-0.975688	-0.967500	-0.966875
-0.975688	-0.967500	-0.966875
-0.975688	-0.967500	-0.966875
-0.967375	-0.966812	-0.966750
-0.967375	-0.966812	-0.966750
-0.967375	-0.966812	-0.966750
-0.950562	-0.967187	-0.965437
-0.950562	-0.967187	-0.965437
-0.950562	-0.967187	-0.965437
-0.966938	-0.965500	-0.965500
-0.966938	-0.965500	-0.965500
-0.966938	-0.965500	-0.965500
-0.970313	-0.966125	-0.967125
-0.970313	-0.966125	-0.967125
-0.970313	-0.966125	-0.967125
-0.968187	-0.964625	-0.966625
-0.968187	-0.964625	-0.966625
-0.968187	-0.964625	-0.966625
-0.970000	-0.965187	-0.966812
-0.970000	-0.965187	-0.966812
-0.970000	-0.965187	-0.966812
-0.954688	-0.966000	-0.965625
-0.954688	-0.966000	-0.965625
-0.954688	-0.966000	-0.965625
-0.969625	-0.966562	-0.965437
-0.969625	-0.966562	-0.965437
-0.969625	-0.966562	-0.965437
-0.962250	-0.964938	-0.966313
-0.962250	-0.964938	-0.966313
-0.962250	-0.964938	-0.966313
-0.969562	-0.965187	-0.965812
-0.969562	-0.965187	-0.965812
-0.969562	-0.965187	-0.965812
-0.964313	-0.964063	-0.965562
-0.964313	-0.964063	-0.965562
-0.964313	-0.964063	-0.965562
-0.952500	-0.963625	-0.964000
-0.952500	-0.963625	-0.964000
-0.952500	-0.963625	-0.964000
-0.966938	-0.963063	-0.963938
-0.966938	-0.963063	-0.963938
-0.966938	-0.963063	-0.963938
-0.966063	-0.963875	-0.964938
-0.966063	-0.963875	-0.964938
-0.966063	-0.963875	-0.964938
-0.968063	-0.963562	-0.965063
-0.968063	-0.963562	-0.965063
-0.968063	-0.963562	-0.965063
-0.965938	-0.963875	-0.964688
-0.965938	-0.963875	-0.964688
-0.965938	-0.963875	-0.964688
-0.954250	-0.964250	-0.963688
-0.954250	-0.964250	-0.963688
-0.954250	-0.964250	-0.963688
-0.975000	-0.965812	-0.964125
-0.975000	-0.965812	-0.964125
-0.975000	-0.965812	-0.964125
-0.964187	-0.965437	-0.964812
-0.964187	-0.965437	-0.964812
-0.964187	-0.965437	-0.964812
-0.967812	-0.965437	-0.964688
-0.967812	-0.965437	-0.964688
-0.967812	-0.965437	-0.964688
-0.975250	-0.967250	-0.965750
-0.975250	-0.967250	-0.965750
-0.975250	-0.967250	-0.965750
-0.960250	-0.968500	-0.965250
-0.960250	-0.968500	-0.965250
-0.960250	-0.968500	-0.965250
-0.966938	-0.966875	-0.965437
-0.966938	-0.966875	-0.965437
-0.966938	-0.966875	-0.965437
-0.966187	-0.967250	-0.966375
-0.966187	-0.967250	-0.966375
-0.966187	-0.967250	-0.966375
-0.970000	-0.967688	-0.966625
-0.970000	-0.967688	-0.966625
-0.970000	-0.967688	-0.966625
-0.969375	-0.966500	-0.966875
-0.969375	-0.966500	-0.966875
-0.969375	-0.966500	-0.966875
-0.956625	-0.965812	-0.966187
-0.956625	-0.965812	-0.966187
-0.956625	-0.965812	-0.966187
-0.973063	-0.967000	-0.966625
-0.973063	-0.967000	-0.966625
-0.973063	-0.967000	-0.966625
-0.969125	-0.967625	-0.967750
-0.969125	-0.967625	-0.967750
-0.969125	-0.967625	-0.967750
-0.973125	-0.968250	-0.967688
-0.973125	-0.968250	-0.967688
-0.973125	-0.968250	-0.967688
-0.972875	-0.968938	-0.968250
-0.972875	-0.968938	-0.968250
-0.972875	-0.968938	-0.968250
-0.955500	-0.968688	-0.967313
-0.955500	-0.968688	-0.967313
-0.955500	-0.968688	-0.967313
-0.965000	-0.967125	-0.966562
-0.965000	-0.967125	-0.966562
-0.965000	-0.967125	-0.966562
-0.965250	-0.966313	-0.966875
-0.965250	-0.966313	-0.966875
-0.965250	-0.966313	-0.966875
-0.967313	-0.965187	-0.966875
-0.967313	-0.965187	-0.966875
-0.967313	-0.965187	-0.966875
-0.964187	-0.963437	-0.966625
-0.964187	-0.963437	-0.966625
-0.964187	-0.963437	-0.966625
-0.961562	-0.964625	-0.966187
-0.961562	-0.964625	-0.966187
-0.961562	-0.964625	-0.966187
-0.975063	-0.966625	-0.966562
-0.975063	-0.966625	-0.966562
-0.975063	-0.966625	-0.966562
-0.966313	-0.966875	-0.967187
-0.966313	-0.966875	-0.967187
-0.966313	-0.966875	-0.967187
-0.964875	-0.966375	-0.966500
-0.964875	-0.966375	-0.966500
-0.964875	-0.966375	-0.966500
-0.966187	-0.966750	-0.966187
-0.966187	-0.966750	-0.966187
-0.966187	-0.966750	-0.966187
-0.966938	-0.967875	-0.965938
-0.966938	-0.967875	-0.965938
-0.966938	-0.967875	-0.965938
-0.969125	-0.966688	-0.965750
-0.969125	-0.966688	-0.965750
-0.969125	-0.966688	-0.965750
-0.967625	-0.966938	-0.966625
-0.967625	-0.966938	-0.966625
-0.967625	-0.966938	-0.966625
-0.962562	-0.966437	-0.966375
-0.962562	-0.966437	-0.966375
-0.962562	-0.966437	-0.966375
-0.967812	-0.966812	-0.966625
-0.967812	-0.966812	-0.966625
-0.967812	-0.966812	-0.966625
-0.965750	-0.966562	-0.966625
-0.965750	-0.966562	-0.966625
-0.965750	-0.966562	-0.966625
-0.968000	-0.966313	-0.966750
-0.968000	-0.966313	-0.966750
-0.968000	-0.966313	-0.966750
-0.976313	-0.968063	-0.967938
-0.976313	-0.968063	-0.967938
-0.976313	-0.968063	-0.967938
-0.969750	-0.969500	-0.967625
-0.969750	-0.969500	-0.967625
-0.969750	-0.969500	-0.967625
-0.973125	-0.970562	-0.968250
-0.973125	-0.970562	-0.968250
-0.973125	-0.970562	-0.968250
-0.963625	-0.970125	-0.968063
-0.963625	-0.970125	-0.968063
-0.963625	-0.970125	-0.968063
-0.962750	-0.969063	-0.967750
-0.962750	-0.969063	-0.967750
-0.962750	-0.969063	-0.967750
-0.973375	-0.968500	-0.968313
-0.973375	-0.968500	-0.968313
-0.973375	-0.968500	-0.968313
-0.966625	-0.967875	-0.968187
-0.966625	-0.967875	-0.968187
-0.966625	-0.967875	-0.968187
-0.967063	-0.966688	-0.968125
-0.967063	-0.966688	-0.968125
-0.967063	-0.966688	-0.968125
-0.969812	-0.967875	-0.968688
-0.969812	-0.967875	-0.968688
-0.969812	-0.967875	-0.968688
-0.970000	-0.969375	-0.968875
-0.970000	-0.969375	-0.968875
-0.970000	-0.969375	-0.968875
-0.964063	-0.967500	-0.968562
-0.964063	-0.967500	-0.968562
-0.964063	-0.967500	-0.968562
-0.971375	-0.968437	-0.968812
-0.971375	-0.968437	-0.968812
-0.971375	-0.968437	-0.968812
-0.971812	-0.969375	-0.968500
-0.971812	-0.969375	-0.968500
-0.971812	-0.969375	-0.968500
-0.963187	-0.968063	-0.968000
-0.963187	-0.968063	-0.968000
-0.963187	-0.968063	-0.968000
-0.969375	-0.967938	-0.967875
-0.969375	-0.967938	-0.967875
-0.969375	-0.967938	-0.967875
-0.969562	-0.969063	-0.968250
-0.969562	-0.969063	-0.968250
-0.969562	-0.969063	-0.968250
-0.971063	-0.969000	-0.968875
-0.971063	-0.969000	-0.968875
-0.971063	-0.969000	-0.968875
-0.975313	-0.969688	-0.969125
-0.975313	-0.969688	-0.969125
-0.975313	-0.969688	-0.969125
-0.971562	-0.971375	-0.969500
-0.971562	-0.971375	-0.969500
-0.971562	-0.971375	-0.969500
-0.965500	-0.970562	-0.969313
-0.965500	-0.970562	-0.969313
-0.965500	-0.970562	-0.969313
-0.967187	-0.970125	-0.969187
-0.967187	-0.970125	-0.969187
-0.967187	-0.970125	-0.969187
-0.968625	-0.969625	-0.969063
-0.968625	-0.969625	-0.969063
-0.968625	-0.969625	-0.969063
-0.967812	-0.968125	-0.969250
-0.967812	-0.968125	-0.969250
-0.967812	-0.968125	-0.969250
-0.963500	-0.966500	-0.968750
-0.963500	-0.966500	-0.968750
-0.963500	-0.966500	-0.968750
-0.964250	-0.966250	-0.968125
-0.964250	-0.966250	-0.968125
-0.964250	-0.966250	-0.968125
-0.974812	-0.967750	-0.969000
-0.974812	-0.967750	-0.969000
-0.974812	-0.967750	-0.969000
-0.964000	-0.966875	-0.968500
-0.964000	-0.966875	-0.968500
-0.964000	-0.966875	-0.968500
-0.973750	-0.968063	-0.968750
-0.973750	-0.968063	-0.968750
-0.973750	-0.968063	-0.968750
-0.972750	-0.969875	-0.968938
-0.972750	-0.969875	-0.968938
-0.972750	-0.969875	-0.968938
-0.971812	-0.971375	-0.968750
-0.971812	-0.971375	-0.968750
-0.971812	-0.971375	-0.968750
-0.965313	-0.969500	-0.968313
-0.965313	-0.969500	-0.968313
-0.965313	-0.969500	-0.968313
-0.968375	-0.970375	-0.968500
-0.968375	-0.970375	-0.968500
-0.968375	-0.970375	-0.968500
-0.973500	-0.970313	-0.969063
-0.973500	-0.970313	-0.969063
-0.973500	-0.970313	-0.969063
-0.965500	-0.968875	-0.968875
-0.965500	-0.968875	-0.968875
-0.965500	-0.968875	-0.968875
-0.969125	-0.968313	-0.969063
-0.969125	-0.968313	-0.969063
-0.969125	-0.968313	-0.969063
-0.972063	-0.969688	-0.969562
-0.972063	-0.969688	-0.969562
-0.972063	-0.969688	-0.969562
-0.963250	-0.968688	-0.969500
-0.963250	-0.968688	-0.969500
-0.963250	-0.968688	-0.969500
-0.964187	-0.966812	-0.968625
-0.964187	-0.966812	-0.968625
-0.964187	-0.966812	-0.968625
-0.969750	-0.967625	-0.968938
-0.969750	-0.967625	-0.968938
-0.969750	-0.967625	-0.968938
-0.968500	-0.967500	-0.968500
-0.968500	-0.967500	-0.968500
-0.968500	-0.967500	-0.968500
-0.967812	-0.966688	-0.968250
-0.967812	-0.966688	-0.968250
-0.967812	-0.966688	-0.968250
-0.971812	-0.968375	-0.968313
-0.971812	-0.968375	-0.968313
-0.971812	-0.968375	-0.968313
-0.972500	-0.970063	-0.968750
-0.972500	-0.970063	-0.968750
-0.972500	-0.970063	-0.968750
-0.966375	-0.969375	-0.968625
-0.966375	-0.969375	-0.968625
-0.966375	-0.969375	-0.968625
-0.967250	-0.969125	-0.968187
-0.967250	-0.969125	-0.968187
-0.967250	-0.969125	-0.968187
-0.976625	-0.970875	-0.969000
-0.976625	-0.970875	-0.969000
-0.976625	-0.970875	-0.969000
-0.968750	-0.970250	-0.969063
-0.968750	-0.970250	-0.969063
-0.968750	-0.970250	-0.969063
-0.969063	-0.969562	-0.968938
-0.969063	-0.969562	-0.968938
-0.969063	-0.969562	-0.968938
-0.970000	-0.970313	-0.969437
-0.970000	-0.970313	-0.969437
-0.970000	-0.970313	-0.969437
-0.976500	-0.972187	-0.970437
-0.976500	-0.972187	-0.970437
-0.976500	-0.972187	-0.970437
-0.972000	-0.971250	-0.970625
-0.972000	-0.971250	-0.970625
-0.972000	-0.971250	-0.970625
-0.968250	-0.971125	-0.970562
-0.968250	-0.971125	-0.970562
